w_r_x
[[ 0.01634275  0.17814408 -0.02444386 ...  0.13574462 -0.15687042
   0.02892799]
 [-0.28036999 -0.08154685 -0.08716357 ...  0.03124385  0.06717319
   0.01411694]
 [ 0.02429392  0.41530095  0.28604364 ... -0.03506836  0.09429583
  -0.01201637]
 ...
 [-0.21436211  0.25149688  0.12211356 ... -0.15473156 -0.04482707
  -0.06331781]
 [-0.09834806 -0.33387985 -0.08629286 ... -0.13087385 -0.11457196
  -0.02357291]
 [ 0.04804794  0.20988444  0.12562095 ... -0.00203665  0.06546053
  -0.03417645]]
w_r_h
[[-0.16554922 -0.06512446  0.09564609 -0.01025326 -0.05413477  0.26800559
  -0.11899206  0.07650671  0.11191025 -0.00532738 -0.31637267 -0.17140162
   0.30539759 -0.00403    -0.09191044 -0.01464608 -0.1061935  -0.18315723
  -0.07525802  0.09265262]
 [-0.00221894  0.05159426 -0.11468538  0.10955768  0.05073208 -0.03926757
  -0.03895666  0.16411852 -0.01200071 -0.10644051 -0.15790865 -0.00661563
   0.11715387  0.07646907 -0.03132971 -0.00929294 -0.20033564 -0.03931012
  -0.08911981  0.15955284]
 [-0.04990137 -0.02183771 -0.06369147 -0.01854592  0.10235404  0.14827752
  -0.18501963 -0.10464541 -0.0641952   0.08478367 -0.0363585  -0.13439792
   0.0693248   0.13860152  0.1040786   0.05745427  0.08705305 -0.01742734
  -0.10888611 -0.22180138]
 [ 0.22396625 -0.06998044 -0.38780346  0.03964209  0.02156483 -0.06524315
   0.10071291  0.12208328 -0.13274291 -0.06273353 -0.11874758  0.02418283
   0.28076668  0.02361469 -0.0550347  -0.10534977 -0.04312751 -0.25235946
   0.157367   -0.10863682]
 [-0.20367203  0.11266417 -0.01826089  0.17069189  0.11276826 -0.03142738
  -0.02391111 -0.00705986 -0.03971757  0.0683043  -0.07680743  0.12843533
  -0.24277133  0.08970982 -0.08281803  0.05497754  0.03375274 -0.06864062
  -0.07471087  0.02253636]
 [-0.08259064  0.07041461  0.10094694 -0.06761035  0.03991807  0.02389079
  -0.26095417  0.06082023  0.14205852  0.00317469 -0.18958726 -0.16708373
   0.26826075  0.0143627   0.01309518 -0.05118604 -0.11675607 -0.18129538
   0.21784486 -0.08685587]
 [ 0.2088467   0.0257198  -0.00607857  0.04350651 -0.01139164 -0.18670284
   0.16216118 -0.10282379 -0.03742106  0.08365246  0.01234198 -0.05353786
  -0.43661019  0.06397877  0.08382443 -0.10763288 -0.10844459 -0.1442184
  -0.00920393  0.3174806 ]
 [ 0.12856962  0.04774987 -0.03338788  0.00981548 -0.1086948  -0.15138937
  -0.15730954 -0.09452483  0.00146809 -0.1664218   0.04829626 -0.15918788
   0.01701174 -0.0139023  -0.0105872   0.01572919 -0.05148977 -0.03211614
   0.16549435  0.17466149]
 [ 0.16691389  0.30727104 -0.24476697 -0.0049917   0.09676419 -0.09204023
   0.13595619  0.19043636  0.04506542 -0.11193654 -0.05749412 -0.02616505
   0.1287531  -0.00739301 -0.27766239 -0.03642113 -0.02295051 -0.31416632
   0.18269781  0.11605431]
 [ 0.11085639  0.03165138 -0.28570168  0.08291615 -0.07339811 -0.23181275
   0.27691931 -0.01930035  0.03163278 -0.10111185  0.19152153 -0.05810286
   0.13692636 -0.1999214  -0.12862389  0.12233202 -0.12350855 -0.27183646
   0.15425013  0.0768598 ]
 [-0.13740793 -0.07925632 -0.41135836  0.04441883 -0.18437649  0.00611627
  -0.09086001  0.02276587 -0.12319093 -0.3298808   0.19264536  0.21763286
   0.45777394 -0.29726393  0.09204461  0.05823033 -0.16519737  0.0460437
  -0.11934751 -0.31536048]
 [ 0.07084963 -0.17779617 -0.11453299 -0.00977248 -0.1204108   0.08523559
  -0.11301748 -0.16203597  0.05393139 -0.07243843  0.074166    0.00285317
  -0.03748946 -0.00308568 -0.12655778 -0.09649801 -0.00543119 -0.07586417
  -0.03994291 -0.04589245]
 [ 0.12532145 -0.22098326 -0.07335477  0.13134828  0.14634337 -0.017548
   0.12738894 -0.13350683 -0.15266082  0.0049104   0.03970076  0.07511032
  -0.22324393  0.02723827  0.16310522 -0.00052776  0.19473732  0.06322972
  -0.1211056   0.11800575]
 [-0.10029507 -0.01826651  0.00223147 -0.12906764 -0.04312183  0.08600131
  -0.0766444  -0.19460636 -0.04367967 -0.02290746 -0.04461998  0.16058946
  -0.0984172  -0.11823749  0.14233748  0.07731212  0.29662675 -0.02037578
  -0.00590892 -0.11332154]
 [-0.03950517  0.15655574 -0.17118808  0.12100085 -0.05339707  0.12514441
  -0.14137416  0.09606394  0.06126813 -0.05444395 -0.09661196  0.10271119
   0.11724507  0.07603653 -0.18692736 -0.08439948 -0.18788755  0.02926909
   0.04557505 -0.17833563]
 [-0.10878927 -0.07965223 -0.04360967  0.15198549  0.05885552  0.27312991
  -0.15055753  0.1553409  -0.52771811 -0.13021519  0.10636211  0.12237019
   0.48668858 -0.12908118  0.05179396 -0.1221258   0.13060089  0.05213316
   0.16011257  0.0143538 ]
 [ 0.0671963   0.01717591  0.06182756  0.02511305  0.0187815  -0.0971535
   0.14947696 -0.18478029 -0.00962863  0.01327116  0.11732242 -0.02507042
   0.02582457 -0.10804086 -0.07927351 -0.01733773 -0.16937344 -0.10715946
   0.20850189  0.05696752]
 [ 0.25595863  0.00595899 -0.12716379  0.18559998  0.23563597 -0.08009997
   0.28118277  0.04719155 -0.04814117  0.03195922 -0.1138192  -0.00516716
   0.00260739  0.17784765 -0.07124485  0.00126011  0.04723081 -0.0476496
   0.02875303  0.07563397]
 [ 0.28730213  0.14156065 -0.25114281  0.02968732 -0.14604146 -0.14345091
   0.08692716 -0.10935865 -0.06838474 -0.02072197  0.16186037 -0.35908071
   0.11102634 -0.11624987 -0.1587687  -0.05721702 -0.12709615 -0.01458177
  -0.05213105  0.16900954]
 [ 0.00531644  0.2463351  -0.08992206 -0.09044059  0.08998472  0.20447618
   0.09067126  0.16074312 -0.29803176  0.15248857  0.05002438  0.09199146
   0.42902753  0.07902028  0.11980093  0.10159446 -0.22809762  0.01429686
  -0.02569946 -0.32706862]]
b_r
[ 0.18469753  0.05947988  0.23375071  0.04797852  0.10161423 -0.16269683
  0.0185141  -0.19535672  0.04757311  0.04395319 -0.04554601  0.05110209
  0.01782684 -0.07196278  0.08278961  0.09312551 -0.17317804 -0.2497567
 -0.02634562  0.153784  ]
w_o_h
[[ 2.29107806e+00 -3.37351492e+00  2.00444322e+00  3.03201707e+00
   2.91680255e+00 -5.63576448e-01  2.11724861e+00  7.14283825e-01
  -2.79470533e+00  2.78605371e+00 -1.28189141e+00  2.05561052e+00
   8.20104802e-01  3.22092585e+00 -3.74666220e-01  5.88458490e-01
  -3.60250105e+00 -9.30604092e-01 -8.54084865e-01 -5.52525169e-01]
 [ 2.92051534e+00  8.42078277e-01  1.82841738e+00 -2.71458680e-01
  -1.46629879e+00 -3.88105126e+00  1.60256841e+00 -9.74427366e-01
   1.73305970e+00  4.35737302e-01 -3.16553898e+00  3.53954764e+00
   2.53687308e+00 -2.93111920e+00 -1.31398056e+00  3.79113802e+00
  -1.92629579e+00 -2.22020006e-01 -3.48701493e+00  1.98196509e+00]
 [-1.07223877e-01  7.96781469e-01  1.27889784e+00  1.24559868e+00
  -1.59957394e+00  4.27123661e-01  4.50399620e-01  1.30861405e+00
   9.84539657e-01 -6.88550888e-01  1.27948382e-01 -1.66488895e+00
   1.24422550e+00  1.69798074e+00  1.09568386e+00 -4.54811579e-01
   1.02947345e+00  7.41488572e-01 -3.13027243e-01 -7.75722304e-01]
 [-1.05177426e+00 -6.90921028e-01 -1.73450193e+00 -1.25145560e+00
  -2.89308453e-01 -9.17625267e-01  2.62352770e-01  1.87266744e+00
   9.60710709e-01  2.23986252e-01  8.99972512e-01 -6.70816146e-01
   2.28086200e-01  1.15433837e+00 -2.17271392e-01 -1.11721067e+00
   1.10712319e+00  2.60692583e-01 -1.53602357e+00  3.98275632e-01]
 [-1.38739359e+00  1.07053868e-01 -1.31242128e+00 -1.19434390e-01
   1.73665878e+00 -2.15901984e+00 -8.22289929e-01 -2.48821936e+00
   1.51346070e+00  2.26018132e+00 -4.40592727e-01  9.64022087e-01
   4.43413085e-01 -2.18584981e+00  1.86493254e+00 -6.54089308e-01
   2.72954658e-01  8.99711498e-01  1.40749687e+00  2.21720853e-01]
 [ 1.45899060e-01 -2.78270432e+00 -1.26514727e-01 -1.25875260e+00
   2.53952638e+00  2.51039813e+00  3.44810663e+00  5.03551939e-02
  -2.31972735e+00 -2.91134758e-01  2.05229149e+00 -3.33158121e-01
  -7.37650971e-01  6.55230113e-01  3.28856391e+00 -1.01262296e+00
  -5.30505839e-01 -4.17673945e-01  2.77562619e+00  9.43710778e-01]
 [-3.13090606e-01  1.88980095e+00  1.42641291e+00  1.95322877e-01
   2.30684480e+00  1.18542859e+00 -2.00564488e+00 -3.32190200e+00
  -2.89841547e+00  4.66041444e-01  2.42431214e+00  2.43187742e+00
  -1.98091137e+00 -1.63513178e+00 -3.42078659e+00 -1.76267331e+00
   8.69621625e-02  7.35730562e-02  1.33228873e+00  6.73674935e-01]
 [-4.45320282e-01 -1.05546804e+00 -3.66057467e+00  4.45326333e-01
  -9.41940693e-01  1.40749652e+00 -2.35872371e+00  1.34002708e+00
  -2.08078734e+00 -4.18137203e-01  4.10064851e-01  2.09460664e+00
   1.59072823e+00 -2.58921574e-01  2.21665327e+00 -1.17928648e+00
  -4.04895467e-01  8.23709499e-01 -1.07224153e+00  7.62258946e-01]
 [ 1.31736096e+00 -7.00634724e-01  2.00615681e+00  6.34276908e-01
   1.64354195e+00 -1.25615222e+00 -2.03730366e+00 -2.89900212e+00
   1.62644615e+00  5.37045318e-01  1.96880014e+00  3.91719499e-01
  -3.46694000e-01  1.12718221e+00 -7.73930275e-01 -6.68774858e-01
  -1.55722991e+00 -3.21912452e+00  2.18385321e+00 -2.03879993e+00]
 [ 1.68820870e+00 -1.43049839e+00  1.62914334e+00 -1.69778254e+00
  -2.70594280e+00  6.96599471e-01 -1.80243255e-01  1.87294494e-01
  -1.38695690e+00  2.45493368e+00  1.40731572e+00  2.05082112e+00
   7.53883754e-01  9.63698606e-01 -1.22985162e+00 -1.91745828e+00
  -8.16384410e-02 -6.18343578e-01 -1.48045822e+00 -5.14097035e-01]
 [-7.87992106e-01  4.96606814e-01  1.39326047e+00 -3.91438034e-01
  -1.77231593e+00 -1.56671807e+00 -1.73350560e+00  2.82493324e+00
  -2.26159740e+00  6.86343612e-01  1.08876609e+00 -1.38686380e+00
  -2.07787247e+00 -9.49050477e-01 -8.06296537e-01 -1.79471355e-01
  -4.72711690e-01 -6.57653533e-01  2.66279939e-01  2.97335398e-01]
 [-1.46224478e+00  2.21002536e+00  1.05691554e+00 -6.86789051e-01
   8.59089853e-01 -1.87463833e+00  1.31060201e+00 -1.94180887e+00
  -5.04147461e-01 -4.05265611e-01 -1.08847668e+00 -2.46261280e+00
   4.29764985e+00 -2.02136196e+00  1.30037530e+00 -3.71770772e+00
   9.93034865e-02 -2.44563975e+00 -1.03544314e+00  4.65783314e+00]
 [ 1.51884121e-01 -6.79069134e-01 -1.49341062e+00 -4.27076331e-01
  -2.01768240e+00  8.86833969e-01 -1.07896235e+00  2.27011593e+00
   4.08150168e-01  5.72488147e-01 -1.94353225e+00 -1.80880210e+00
   1.35653829e-01 -9.61768345e-01 -5.24101994e-01 -5.78468219e-01
  -3.84725193e-01 -1.19846135e-01  8.94314484e-01  9.06874145e-01]
 [ 4.02891997e-01  1.40504541e+00 -1.29930191e+00  1.13663653e+00
  -2.29824565e+00 -8.76973965e-01  1.47659921e+00  1.25416101e+00
   4.75528889e-01 -1.48589158e+00  9.37050136e-01  6.46603923e-02
  -4.43158995e-01  5.47837722e-01  1.02576518e+00 -5.41391261e-02
  -8.53700595e-01 -1.68347764e+00 -3.39654523e-01  2.80152745e-03]
 [-1.11712470e+00 -5.36983240e-01  1.99555029e+00 -9.54990222e-01
   1.37298520e+00 -2.14458895e+00  4.88038688e-01  6.17912325e-01
   1.13155086e+00  2.90620337e-01 -9.72920241e-02  2.34511395e+00
   2.79642217e-01  1.18360605e+00  1.37999187e-01  1.32846217e+00
  -5.58011106e-01 -8.27665775e-01  1.32822158e+00  1.07053226e+00]
 [-9.06829287e-01  1.51049598e-01 -1.25166454e+00  6.05030877e-01
  -1.79533802e+00  1.50548339e+00  1.08758552e+00 -6.59920421e-01
   4.64303570e-01  5.63376657e-01  2.71289173e-01 -7.53961882e-01
  -5.99148314e-01  3.59425501e-01 -1.02864016e+00 -7.38145466e-01
  -7.33042166e-01  1.52639794e+00  7.02004969e-01 -1.06592000e+00]
 [-9.32888918e-01  1.23797116e+00  4.23296457e-02 -1.26624659e+00
  -1.82858311e+00  1.59228906e+00 -7.07244283e-01 -1.99314080e+00
   5.42782457e-01  4.23876996e-01 -1.63852852e+00 -4.70117876e-02
  -5.08609419e-01  1.60946388e+00 -9.10255864e-01  6.07814458e-01
  -1.11841090e-01  2.59049802e-01  1.40087749e+00  1.13051365e+00]
 [ 2.29016529e+00 -2.49800397e-01  1.32657112e+00  1.16264494e-01
  -8.16985150e-01  8.20140766e-01 -3.95915715e-01 -3.66891921e-01
   1.44298960e-01 -8.74186571e-01 -1.83100201e+00  2.15831179e+00
  -1.87588587e+00 -2.05953019e+00  2.59988265e+00 -1.16640971e+00
   5.91098316e-01 -2.12121384e+00 -1.60164522e-01 -3.02621865e-01]
 [ 1.48352745e+00 -4.85521467e-01  1.22319710e+00 -5.96554371e-01
   1.37858485e+00 -1.41594224e+00  1.21015923e+00 -9.53113554e-01
  -7.16842468e-01  2.11453293e+00 -6.46842277e-01 -7.23295729e-01
   1.89952557e+00 -1.21224594e+00  2.67940157e-01  7.89169313e-01
  -1.68786411e+00 -2.68429190e+00 -1.25709317e+00  1.58816601e+00]
 [-2.21579235e-01  5.99402567e-02 -1.63798940e-01 -2.63436121e-02
   1.12645989e-01  1.27766792e-01  2.81341345e-02  8.62064213e-02
  -4.61062332e-03 -8.61233025e-02 -1.92053054e-01 -2.11930757e-01
   4.27857682e-02 -3.43764112e-02 -3.10562079e-02  2.34009321e-01
   1.31261460e-01  4.93945055e-01 -7.93719216e-02 -1.13085754e-01]
 [-7.61779345e-02 -1.56829763e+00  5.55043550e-01  3.95630722e-01
   1.65512349e+00  1.43395822e-01 -4.56402845e-01  1.50452724e+00
   1.44785842e+00 -1.07342728e+00 -1.82979489e-02 -6.40920606e-01
   1.89955923e-02  9.77360820e-01  1.28104335e-01  5.74053823e-01
   1.08884115e+00  1.69393311e+00  7.06860400e-01 -9.15105104e-01]
 [ 8.74110557e-01 -7.85938344e-01 -9.00290440e-02  6.80749839e-01
  -1.38843105e+00 -4.80922956e-01  6.47709087e-01  9.15302172e-01
   2.54458375e-01 -1.27387747e+00  1.17301548e+00 -1.22758042e-01
  -9.11174089e-01 -1.26661815e+00  1.84862590e-02  7.34962190e-01
   6.06081840e-01  2.01802215e+00  4.79448373e-01 -1.35090387e+00]
 [-7.27754996e-01 -4.81952226e-01 -2.15358055e-01  2.54710356e-01
   2.94616250e-01 -1.10654536e-01  7.71802458e-02 -3.98774493e-01
  -3.37468772e-01 -9.83391920e-01 -2.60717821e-01 -7.12369365e-01
  -1.34609990e-02  7.34820183e-01 -5.18410433e-01  1.09582510e+00
   9.34290199e-01  3.58668065e-02 -8.25695219e-02 -3.81034914e-01]
 [ 1.05762742e+00  5.04080608e-01 -4.72588167e-01 -9.77723702e-01
  -5.67370750e-02  4.71134637e-01  6.29448806e-01  8.75957499e-01
   1.59234039e+00  2.68960424e+00  1.89484549e+00 -6.07147079e-01
   2.55679599e-01 -1.35394302e+00 -9.15547692e-01 -2.86406120e-01
   3.14416386e-01 -6.31061582e-02 -4.13909045e-01 -6.37863472e-01]
 [ 6.97783865e-01  1.51227343e+00  1.16225711e+00  1.47649222e+00
  -1.67835278e+00  1.14216315e+00  1.54730107e+00 -8.84663051e-01
   9.69030591e-01  1.83978475e+00 -2.66137932e-01  1.06100440e+00
  -8.81810894e-02 -2.76554023e+00  1.01204140e+00 -1.62977034e-01
   1.90582923e+00 -2.84770428e-01  1.29761537e+00 -1.01037426e+00]
 [ 1.88508270e-01  1.30156890e+00 -1.19402245e-01  4.19957060e-01
  -5.44837974e-01  2.91342294e-01 -8.54334393e-01 -5.95935854e-01
  -1.28891856e-01 -1.09604432e+00  1.30859212e+00 -7.61231118e-01
   9.98724402e-03  1.13858893e+00 -2.62600945e-01  4.13318791e-01
   1.05311830e-02  1.25258884e+00 -6.42506740e-01 -1.16407464e+00]
 [ 1.60726065e+00 -6.31498641e-01 -1.03750282e-01 -1.43613184e+00
   1.06277000e+00 -4.89661297e-01  2.61718682e-01  6.81514070e-01
  -9.42821520e-02 -1.15637316e+00 -1.21036939e-01  4.51487897e-01
  -7.60173548e-01  1.49077941e+00 -6.37103335e-01  6.61738048e-01
  -1.96157237e-01 -1.03145132e+00 -1.20049030e+00  1.75169073e+00]
 [ 4.97723350e-02  6.00886349e-02 -7.52334777e-01 -3.05760704e-01
   1.50964061e+00  8.52814645e-01  6.60811152e-01  5.85141469e-02
  -2.67610422e-01 -1.26125788e+00 -9.06422239e-01 -3.93993848e-01
  -8.26354258e-01  1.45977371e+00 -5.07807479e-02  1.59278198e-01
   1.09904418e+00  1.15522780e-01 -6.92626143e-01 -9.39030567e-02]
 [ 5.01923472e-01  7.32867639e-01 -7.90629955e-01  1.26545637e+00
   1.18695285e+00  4.00712521e-01 -5.39925960e-01  6.75437812e-01
   7.08422227e-01 -1.25869433e+00  1.53308130e+00 -4.95716804e-01
  -8.66799149e-01 -1.26528527e+00 -1.71145543e+00 -7.91052309e-01
  -1.19400895e+00  1.00408768e+00  8.23238789e-01  5.16255322e-01]
 [-4.47233833e-01  4.26649765e-01 -2.68962647e-01  5.01153089e-01
   3.04724134e-01  3.87465402e-01 -4.52186488e-02  4.86777067e-01
   1.45766401e-01 -1.09247597e+00 -1.22125426e-02 -3.11503130e-01
  -5.09680193e-01  3.22529757e-01 -1.89501919e-01  1.88603246e-01
   5.55590918e-02  5.17544011e-01 -3.68549049e-01  7.65011263e-02]
 [-7.10099642e-01 -5.68144745e-01  4.72244071e-02 -6.34838615e-01
   2.49995913e-01  6.93317909e-01 -3.68283007e-02  4.79210219e-02
  -4.90235699e-01 -1.07635504e-01 -1.12582168e+00 -6.08282610e-01
  -4.32070010e-01  2.83860426e-01 -7.98064150e-01  5.22464128e-01
   7.57776796e-01  1.67218402e-01 -8.09723781e-01 -7.75249186e-01]
 [-1.23821327e+00  2.53205405e+00  1.00727110e-01 -7.94479017e-01
  -5.85201987e-01  3.21521417e-02 -2.32433228e+00  2.51544653e-01
   2.48098509e+00  4.03962312e-02 -1.12948420e+00 -6.45435573e-01
   1.73009039e+00  9.49135204e-02 -6.47122969e-01 -1.17253175e+00
   1.25621832e+00  3.39147720e-01  8.25900898e-01 -1.03741359e-01]
 [-6.16107019e-01  2.52763598e-01 -8.01672985e-01  9.63296479e-01
   9.06248487e-01  4.83976468e-01  2.89268970e-01  5.93540882e-01
   1.03880732e-01  3.79988004e-01 -4.90092751e-01 -8.99630659e-01
  -9.65834298e-01 -5.27968271e-01  8.46212388e-02  1.06695361e+00
   5.22640259e-01  1.31284853e+00  5.86538097e-03 -6.00665030e-01]
 [-8.24239427e-01  2.74257371e-01 -9.28823229e-01  1.88350144e-01
   8.59282566e-02 -2.06394554e-01 -5.41522520e-01  4.24060510e-01
   5.93530818e-01 -8.49746864e-01  3.83255521e-01 -5.64819055e-01
  -3.86509518e-01  6.95615675e-01  4.35667879e-01  6.97562772e-01
   3.87645475e-02  6.81184777e-01  3.10542254e-01 -3.84888267e-01]
 [-2.50265093e-01  3.32083015e-01  4.02338857e-01 -6.45210669e-01
  -1.81353707e-01 -1.89591647e-01 -8.12327613e-01 -8.23060328e-01
  -9.21084122e-01 -6.17709935e-01 -1.18788374e-01 -2.05563192e-01
  -7.03681543e-01 -5.36301678e-02  1.27964787e+00  1.00528071e+00
  -1.21003976e+00  1.05339772e+00  8.38922222e-02 -4.21792476e-01]
 [-3.39457546e-01 -3.56629984e-02 -3.37301079e-01 -2.30529701e-02
  -1.42123465e-01  8.77470337e-02 -1.34891830e-01  5.16962509e-03
   1.84761908e-02 -4.32900396e-01 -5.60359855e-03 -2.16676499e-01
  -1.09088239e-01  7.89712301e-02  1.76991735e-01  3.15544133e-01
   1.66351664e-01  4.24008172e-01 -9.56908809e-02 -1.18626804e-01]
 [-4.84144706e-01  1.24638932e-01 -4.52745370e-01  1.24295113e-01
  -3.64576423e-03  1.62936792e-01 -3.00694613e-01 -5.45914657e-01
  -1.41605871e-02 -7.11393760e-01 -6.67510860e-02 -2.11327992e-01
  -1.76590034e-01  2.88518258e-01 -1.67341140e-01  1.91534616e-01
   3.37643352e-01  3.70379110e-01 -1.50683333e-01 -7.13671185e-01]
 [-1.42068722e+00 -2.97762580e-01 -4.24864459e-01 -8.19990816e-01
  -1.66367711e-01  1.36458679e+00 -6.20236441e-01  1.87251435e-01
  -5.87994713e-01 -4.67025024e-01 -6.27278577e-01 -8.68417531e-01
  -4.61609613e-01  5.18467432e-02 -1.20665567e-01  8.28450387e-01
   1.09802055e+00  2.20364721e-01 -9.22958181e-01 -1.11982436e+00]
 [-8.82309330e-01 -5.72355566e-01 -6.97102316e-01  1.94491401e-01
  -5.51642274e-02 -2.76764261e-01 -1.74579327e-01 -5.31513202e-01
  -3.36162238e-01 -8.68229049e-01 -9.91002548e-02 -9.40011342e-01
  -3.51990484e-01  5.66973363e-01 -6.01472927e-01  1.00924356e+00
   9.87979987e-01  4.06842106e-01  2.00179443e-01 -6.20779727e-01]
 [-1.94902958e-01 -3.97422602e-01 -3.77810310e-01  1.49055903e-02
   2.81340620e-01  7.87191074e-02  3.08947541e-01  6.78935277e-02
  -2.23578173e-01 -5.13060434e-01 -1.48966028e-01 -2.23625138e-01
  -1.90968269e-01  5.01558152e-01  2.89858480e-01  1.90943627e-01
   1.31372288e-01  1.53964088e-01  8.72594878e-02 -1.80206245e-01]
 [-2.07805351e-01  1.78165482e-02 -4.35300923e-01  1.08434284e-01
  -4.18027801e-02  1.12398267e-01 -1.49453790e-01  1.19604978e-01
   3.51174981e-02 -4.12474842e-01 -7.52606978e-02 -1.38883625e-01
  -1.90120081e-01  7.49892364e-02  1.94987015e-01  2.02787885e-01
   1.65418065e-01  4.05036574e-01 -1.16962391e-01 -2.56832382e-01]
 [-2.08321973e-01  1.21463488e-02 -4.35444541e-01 -1.20240097e-02
  -4.87166534e-02  1.87998772e-01 -2.26578394e-01  1.86665543e-01
  -1.63415772e-02 -4.86658029e-01 -1.15176928e-01 -2.45904875e-01
  -1.56191966e-01  5.01104056e-02  1.39016712e-01  1.18643181e-01
   2.86809828e-01  3.37042304e-01  3.19567012e-02 -2.16130663e-01]]
b_o
[ 1.2718625   0.60693749 -0.95735939 -0.92552436  0.99300166 -0.43490399
 -0.2963769   0.40919095  1.04602043  1.80005263 -0.40840144  1.39303004
 -0.89337736  0.22864944  1.71408938 -0.1460369  -1.37918677  0.64549227
  1.81585011 -0.72466953 -0.84593968 -0.73050513 -0.03828155  1.19678639
  0.60941653  0.48209323  1.11594296  0.03604724 -0.93567329  0.09897751
  0.77579742 -0.22502531 -0.55199175  0.01158757  0.27791774 -1.58555998
 -0.28214449 -0.38046402 -0.74802678 -1.08425247 -1.67531206 -1.64507177]
